{
 "cells": [
  {
   "cell_type": "code",
   "execution_count": 28,
   "id": "86e7c855",
   "metadata": {},
   "outputs": [],
   "source": [
    "import findspark\n",
    "findspark.init()\n",
    "import pyspark\n",
    "from pyspark.sql import SparkSession\n",
    "spark = SparkSession.builder.appName('diabetes').getOrCreate()\n",
    "df = spark.read.csv('Datasets/04DataTransformation.csv', inferSchema=True, header=True)"
   ]
  },
  {
   "cell_type": "code",
   "execution_count": 29,
   "id": "b1e78f73",
   "metadata": {},
   "outputs": [
    {
     "data": {
      "text/html": [
       "<table>\n",
       "<tbody>\n",
       "<tr><td style=\"text-align: right;\"> 1         </td><td style=\"text-align: right;\"> 0.00213053</td><td style=\"text-align: right;\">-0.00389368</td><td style=\"text-align: right;\">-0.00223234</td><td style=\"text-align: right;\"> 0.00176249</td><td style=\"text-align: right;\"> 0.00897969</td><td style=\"text-align: right;\">-0.0115912</td><td style=\"text-align: right;\">-0.00110389</td><td style=\"text-align: right;\"> 0.00510319</td><td style=\"text-align: right;\">-0.0113113</td><td style=\"text-align: right;\">-0.0146832</td><td style=\"text-align: right;\"> 0.00322561</td><td style=\"text-align: right;\">-0.00641338</td><td style=\"text-align: right;\"> 0.00261939</td><td style=\"text-align: right;\">-0.00515221</td><td style=\"text-align: right;\">-0.0280491</td><td style=\"text-align: right;\">-0.0336911</td></tr>\n",
       "<tr><td style=\"text-align: right;\"> 0.00213053</td><td style=\"text-align: right;\"> 1         </td><td style=\"text-align: right;\"> 0.370841  </td><td style=\"text-align: right;\"> 0.283045  </td><td style=\"text-align: right;\"> 0.279831  </td><td style=\"text-align: right;\"> 0.301737  </td><td style=\"text-align: right;\"> 0.0792161</td><td style=\"text-align: right;\"> 0.119951  </td><td style=\"text-align: right;\"> 0.204465  </td><td style=\"text-align: right;\">-0.154525 </td><td style=\"text-align: right;\">-0.0556354</td><td style=\"text-align: right;\">-0.0774284 </td><td style=\"text-align: right;\">-0.0885265 </td><td style=\"text-align: right;\"> 0.0415286 </td><td style=\"text-align: right;\"> 0.272107  </td><td style=\"text-align: right;\">-0.170998 </td><td style=\"text-align: right;\">-0.225622 </td></tr>\n",
       "<tr><td style=\"text-align: right;\">-0.00389368</td><td style=\"text-align: right;\"> 0.370841  </td><td style=\"text-align: right;\"> 1         </td><td style=\"text-align: right;\"> 0.311591  </td><td style=\"text-align: right;\"> 0.231001  </td><td style=\"text-align: right;\"> 0.249864  </td><td style=\"text-align: right;\"> 0.0877909</td><td style=\"text-align: right;\"> 0.128536  </td><td style=\"text-align: right;\"> 0.205656  </td><td style=\"text-align: right;\">-0.131705 </td><td style=\"text-align: right;\">-0.0366966</td><td style=\"text-align: right;\">-0.0627474 </td><td style=\"text-align: right;\">-0.0208593 </td><td style=\"text-align: right;\"> 0.0411714 </td><td style=\"text-align: right;\"> 0.332925  </td><td style=\"text-align: right;\">-0.142235 </td><td style=\"text-align: right;\">-0.185173 </td></tr>\n",
       "<tr><td style=\"text-align: right;\">-0.00223234</td><td style=\"text-align: right;\"> 0.283045  </td><td style=\"text-align: right;\"> 0.311591  </td><td style=\"text-align: right;\"> 1         </td><td style=\"text-align: right;\"> 0.121625  </td><td style=\"text-align: right;\"> 0.135048  </td><td style=\"text-align: right;\"> 0.0926   </td><td style=\"text-align: right;\"> 0.0955675 </td><td style=\"text-align: right;\"> 0.17874   </td><td style=\"text-align: right;\">-0.0867545</td><td style=\"text-align: right;\">-0.0434628</td><td style=\"text-align: right;\">-0.0455316 </td><td style=\"text-align: right;\">-0.0236197 </td><td style=\"text-align: right;\"> 0.0208901 </td><td style=\"text-align: right;\"> 0.242866  </td><td style=\"text-align: right;\">-0.0808866</td><td style=\"text-align: right;\">-0.105657 </td></tr>\n",
       "<tr><td style=\"text-align: right;\"> 0.00176249</td><td style=\"text-align: right;\"> 0.279831  </td><td style=\"text-align: right;\"> 0.231001  </td><td style=\"text-align: right;\"> 0.121625  </td><td style=\"text-align: right;\"> 1         </td><td style=\"text-align: right;\"> 0.916745  </td><td style=\"text-align: right;\"> 0.0113134</td><td style=\"text-align: right;\"> 0.021215  </td><td style=\"text-align: right;\"> 0.0575742 </td><td style=\"text-align: right;\">-0.170486 </td><td style=\"text-align: right;\">-0.0882681</td><td style=\"text-align: right;\">-0.06005   </td><td style=\"text-align: right;\">-0.0553767 </td><td style=\"text-align: right;\"> 0.00323663</td><td style=\"text-align: right;\">-0.045654  </td><td style=\"text-align: right;\">-0.10035  </td><td style=\"text-align: right;\">-0.122474 </td></tr>\n",
       "<tr><td style=\"text-align: right;\"> 0.00897969</td><td style=\"text-align: right;\"> 0.301737  </td><td style=\"text-align: right;\"> 0.249864  </td><td style=\"text-align: right;\"> 0.135048  </td><td style=\"text-align: right;\"> 0.916745  </td><td style=\"text-align: right;\"> 1         </td><td style=\"text-align: right;\"> 0.0182453</td><td style=\"text-align: right;\"> 0.0246061 </td><td style=\"text-align: right;\"> 0.0648011 </td><td style=\"text-align: right;\">-0.171642 </td><td style=\"text-align: right;\">-0.0928643</td><td style=\"text-align: right;\">-0.0630419 </td><td style=\"text-align: right;\">-0.0577102 </td><td style=\"text-align: right;\"> 0.0118553 </td><td style=\"text-align: right;\">-0.0349747 </td><td style=\"text-align: right;\">-0.105315 </td><td style=\"text-align: right;\">-0.119924 </td></tr>\n",
       "<tr><td style=\"text-align: right;\">-0.0115912 </td><td style=\"text-align: right;\"> 0.0792161 </td><td style=\"text-align: right;\"> 0.0877909 </td><td style=\"text-align: right;\"> 0.0926    </td><td style=\"text-align: right;\"> 0.0113134 </td><td style=\"text-align: right;\"> 0.0182453 </td><td style=\"text-align: right;\"> 1        </td><td style=\"text-align: right;\"> 0.0606173 </td><td style=\"text-align: right;\"> 0.122922  </td><td style=\"text-align: right;\">-0.0753642</td><td style=\"text-align: right;\">-0.0736112</td><td style=\"text-align: right;\">-0.025624  </td><td style=\"text-align: right;\"> 0.0842341 </td><td style=\"text-align: right;\"> 0.110671  </td><td style=\"text-align: right;\"> 0.100027  </td><td style=\"text-align: right;\">-0.138899 </td><td style=\"text-align: right;\">-0.106432 </td></tr>\n",
       "<tr><td style=\"text-align: right;\">-0.00110389</td><td style=\"text-align: right;\"> 0.119951  </td><td style=\"text-align: right;\"> 0.128536  </td><td style=\"text-align: right;\"> 0.0955675 </td><td style=\"text-align: right;\"> 0.021215  </td><td style=\"text-align: right;\"> 0.0246061 </td><td style=\"text-align: right;\"> 0.0606173</td><td style=\"text-align: right;\"> 1         </td><td style=\"text-align: right;\"> 0.220849  </td><td style=\"text-align: right;\">-0.0761542</td><td style=\"text-align: right;\">-0.0126002</td><td style=\"text-align: right;\">-0.0454151 </td><td style=\"text-align: right;\">-0.0243004 </td><td style=\"text-align: right;\"> 0.00327852</td><td style=\"text-align: right;\"> 0.12105   </td><td style=\"text-align: right;\">-0.0771109</td><td style=\"text-align: right;\">-0.137797 </td></tr>\n",
       "<tr><td style=\"text-align: right;\"> 0.00510319</td><td style=\"text-align: right;\"> 0.204465  </td><td style=\"text-align: right;\"> 0.205656  </td><td style=\"text-align: right;\"> 0.17874   </td><td style=\"text-align: right;\"> 0.0575742 </td><td style=\"text-align: right;\"> 0.0648011 </td><td style=\"text-align: right;\"> 0.122922 </td><td style=\"text-align: right;\"> 0.220849  </td><td style=\"text-align: right;\"> 1         </td><td style=\"text-align: right;\">-0.0956995</td><td style=\"text-align: right;\">-0.018016 </td><td style=\"text-align: right;\">-0.0344564 </td><td style=\"text-align: right;\">-0.0309713 </td><td style=\"text-align: right;\"> 0.0976743 </td><td style=\"text-align: right;\"> 0.220686  </td><td style=\"text-align: right;\">-0.101415 </td><td style=\"text-align: right;\">-0.147392 </td></tr>\n",
       "<tr><td style=\"text-align: right;\">-0.0113113 </td><td style=\"text-align: right;\">-0.154525  </td><td style=\"text-align: right;\">-0.131705  </td><td style=\"text-align: right;\">-0.0867545 </td><td style=\"text-align: right;\">-0.170486  </td><td style=\"text-align: right;\">-0.171642  </td><td style=\"text-align: right;\">-0.0753642</td><td style=\"text-align: right;\">-0.0761542 </td><td style=\"text-align: right;\">-0.0956995 </td><td style=\"text-align: right;\"> 1        </td><td style=\"text-align: right;\"> 0.131748 </td><td style=\"text-align: right;\"> 0.146803  </td><td style=\"text-align: right;\"> 0.0179859 </td><td style=\"text-align: right;\"> 0.0483557 </td><td style=\"text-align: right;\">-0.0979293 </td><td style=\"text-align: right;\"> 0.191373 </td><td style=\"text-align: right;\"> 0.198173 </td></tr>\n",
       "<tr><td style=\"text-align: right;\">-0.0146832 </td><td style=\"text-align: right;\">-0.0556354 </td><td style=\"text-align: right;\">-0.0366966 </td><td style=\"text-align: right;\">-0.0434628 </td><td style=\"text-align: right;\">-0.0882681 </td><td style=\"text-align: right;\">-0.0928643 </td><td style=\"text-align: right;\">-0.0736112</td><td style=\"text-align: right;\">-0.0126002 </td><td style=\"text-align: right;\">-0.018016  </td><td style=\"text-align: right;\"> 0.131748 </td><td style=\"text-align: right;\"> 1        </td><td style=\"text-align: right;\"> 0.245394  </td><td style=\"text-align: right;\">-0.0260253 </td><td style=\"text-align: right;\">-0.0911486 </td><td style=\"text-align: right;\"> 0.0666744 </td><td style=\"text-align: right;\"> 0.0988683</td><td style=\"text-align: right;\"> 0.0773654</td></tr>\n",
       "<tr><td style=\"text-align: right;\"> 0.00322561</td><td style=\"text-align: right;\">-0.0774284 </td><td style=\"text-align: right;\">-0.0627474 </td><td style=\"text-align: right;\">-0.0455316 </td><td style=\"text-align: right;\">-0.06005   </td><td style=\"text-align: right;\">-0.0630419 </td><td style=\"text-align: right;\">-0.025624 </td><td style=\"text-align: right;\">-0.0454151 </td><td style=\"text-align: right;\">-0.0344564 </td><td style=\"text-align: right;\"> 0.146803 </td><td style=\"text-align: right;\"> 0.245394 </td><td style=\"text-align: right;\"> 1         </td><td style=\"text-align: right;\"> 0.0263219 </td><td style=\"text-align: right;\">-0.0531886 </td><td style=\"text-align: right;\">-0.0145097 </td><td style=\"text-align: right;\"> 0.149282 </td><td style=\"text-align: right;\"> 0.154059 </td></tr>\n",
       "<tr><td style=\"text-align: right;\">-0.00641338</td><td style=\"text-align: right;\">-0.0885265 </td><td style=\"text-align: right;\">-0.0208593 </td><td style=\"text-align: right;\">-0.0236197 </td><td style=\"text-align: right;\">-0.0553767 </td><td style=\"text-align: right;\">-0.0577102 </td><td style=\"text-align: right;\"> 0.0842341</td><td style=\"text-align: right;\">-0.0243004 </td><td style=\"text-align: right;\">-0.0309713 </td><td style=\"text-align: right;\"> 0.0179859</td><td style=\"text-align: right;\">-0.0260253</td><td style=\"text-align: right;\"> 0.0263219 </td><td style=\"text-align: right;\"> 1         </td><td style=\"text-align: right;\"> 0.0126261 </td><td style=\"text-align: right;\">-0.051651  </td><td style=\"text-align: right;\"> 0.0325843</td><td style=\"text-align: right;\"> 0.0640737</td></tr>\n",
       "<tr><td style=\"text-align: right;\"> 0.00261939</td><td style=\"text-align: right;\"> 0.0415286 </td><td style=\"text-align: right;\"> 0.0411714 </td><td style=\"text-align: right;\"> 0.0208901 </td><td style=\"text-align: right;\"> 0.00323663</td><td style=\"text-align: right;\"> 0.0118553 </td><td style=\"text-align: right;\"> 0.110671 </td><td style=\"text-align: right;\"> 0.00327852</td><td style=\"text-align: right;\"> 0.0976743 </td><td style=\"text-align: right;\"> 0.0483557</td><td style=\"text-align: right;\">-0.0911486</td><td style=\"text-align: right;\">-0.0531886 </td><td style=\"text-align: right;\"> 0.0126261 </td><td style=\"text-align: right;\"> 1         </td><td style=\"text-align: right;\">-0.00451589</td><td style=\"text-align: right;\"> 0.0452768</td><td style=\"text-align: right;\"> 0.159825 </td></tr>\n",
       "<tr><td style=\"text-align: right;\">-0.00515221</td><td style=\"text-align: right;\"> 0.272107  </td><td style=\"text-align: right;\"> 0.332925  </td><td style=\"text-align: right;\"> 0.242866  </td><td style=\"text-align: right;\">-0.045654  </td><td style=\"text-align: right;\">-0.0349747 </td><td style=\"text-align: right;\"> 0.100027 </td><td style=\"text-align: right;\"> 0.12105   </td><td style=\"text-align: right;\"> 0.220686  </td><td style=\"text-align: right;\">-0.0979293</td><td style=\"text-align: right;\"> 0.0666744</td><td style=\"text-align: right;\">-0.0145097 </td><td style=\"text-align: right;\">-0.051651  </td><td style=\"text-align: right;\">-0.00451589</td><td style=\"text-align: right;\"> 1         </td><td style=\"text-align: right;\">-0.108053 </td><td style=\"text-align: right;\">-0.132622 </td></tr>\n",
       "<tr><td style=\"text-align: right;\">-0.0280491 </td><td style=\"text-align: right;\">-0.170998  </td><td style=\"text-align: right;\">-0.142235  </td><td style=\"text-align: right;\">-0.0808866 </td><td style=\"text-align: right;\">-0.10035   </td><td style=\"text-align: right;\">-0.105315  </td><td style=\"text-align: right;\">-0.138899 </td><td style=\"text-align: right;\">-0.0771109 </td><td style=\"text-align: right;\">-0.101415  </td><td style=\"text-align: right;\"> 0.191373 </td><td style=\"text-align: right;\"> 0.0988683</td><td style=\"text-align: right;\"> 0.149282  </td><td style=\"text-align: right;\"> 0.0325843 </td><td style=\"text-align: right;\"> 0.0452768 </td><td style=\"text-align: right;\">-0.108053  </td><td style=\"text-align: right;\"> 1        </td><td style=\"text-align: right;\"> 0.45547  </td></tr>\n",
       "<tr><td style=\"text-align: right;\">-0.0336911 </td><td style=\"text-align: right;\">-0.225622  </td><td style=\"text-align: right;\">-0.185173  </td><td style=\"text-align: right;\">-0.105657  </td><td style=\"text-align: right;\">-0.122474  </td><td style=\"text-align: right;\">-0.119924  </td><td style=\"text-align: right;\">-0.106432 </td><td style=\"text-align: right;\">-0.137797  </td><td style=\"text-align: right;\">-0.147392  </td><td style=\"text-align: right;\"> 0.198173 </td><td style=\"text-align: right;\"> 0.0773654</td><td style=\"text-align: right;\"> 0.154059  </td><td style=\"text-align: right;\"> 0.0640737 </td><td style=\"text-align: right;\"> 0.159825  </td><td style=\"text-align: right;\">-0.132622  </td><td style=\"text-align: right;\"> 0.45547  </td><td style=\"text-align: right;\"> 1        </td></tr>\n",
       "</tbody>\n",
       "</table>"
      ],
      "text/plain": [
       "'<table>\\n<tbody>\\n<tr><td style=\"text-align: right;\"> 1         </td><td style=\"text-align: right;\"> 0.00213053</td><td style=\"text-align: right;\">-0.00389368</td><td style=\"text-align: right;\">-0.00223234</td><td style=\"text-align: right;\"> 0.00176249</td><td style=\"text-align: right;\"> 0.00897969</td><td style=\"text-align: right;\">-0.0115912</td><td style=\"text-align: right;\">-0.00110389</td><td style=\"text-align: right;\"> 0.00510319</td><td style=\"text-align: right;\">-0.0113113</td><td style=\"text-align: right;\">-0.0146832</td><td style=\"text-align: right;\"> 0.00322561</td><td style=\"text-align: right;\">-0.00641338</td><td style=\"text-align: right;\"> 0.00261939</td><td style=\"text-align: right;\">-0.00515221</td><td style=\"text-align: right;\">-0.0280491</td><td style=\"text-align: right;\">-0.0336911</td></tr>\\n<tr><td style=\"text-align: right;\"> 0.00213053</td><td style=\"text-align: right;\"> 1         </td><td style=\"text-align: right;\"> 0.370841  </td><td style=\"text-align: right;\"> 0.283045  </td><td style=\"text-align: right;\"> 0.279831  </td><td style=\"text-align: right;\"> 0.301737  </td><td style=\"text-align: right;\"> 0.0792161</td><td style=\"text-align: right;\"> 0.119951  </td><td style=\"text-align: right;\"> 0.204465  </td><td style=\"text-align: right;\">-0.154525 </td><td style=\"text-align: right;\">-0.0556354</td><td style=\"text-align: right;\">-0.0774284 </td><td style=\"text-align: right;\">-0.0885265 </td><td style=\"text-align: right;\"> 0.0415286 </td><td style=\"text-align: right;\"> 0.272107  </td><td style=\"text-align: right;\">-0.170998 </td><td style=\"text-align: right;\">-0.225622 </td></tr>\\n<tr><td style=\"text-align: right;\">-0.00389368</td><td style=\"text-align: right;\"> 0.370841  </td><td style=\"text-align: right;\"> 1         </td><td style=\"text-align: right;\"> 0.311591  </td><td style=\"text-align: right;\"> 0.231001  </td><td style=\"text-align: right;\"> 0.249864  </td><td style=\"text-align: right;\"> 0.0877909</td><td style=\"text-align: right;\"> 0.128536  </td><td style=\"text-align: right;\"> 0.205656  </td><td style=\"text-align: right;\">-0.131705 </td><td style=\"text-align: right;\">-0.0366966</td><td style=\"text-align: right;\">-0.0627474 </td><td style=\"text-align: right;\">-0.0208593 </td><td style=\"text-align: right;\"> 0.0411714 </td><td style=\"text-align: right;\"> 0.332925  </td><td style=\"text-align: right;\">-0.142235 </td><td style=\"text-align: right;\">-0.185173 </td></tr>\\n<tr><td style=\"text-align: right;\">-0.00223234</td><td style=\"text-align: right;\"> 0.283045  </td><td style=\"text-align: right;\"> 0.311591  </td><td style=\"text-align: right;\"> 1         </td><td style=\"text-align: right;\"> 0.121625  </td><td style=\"text-align: right;\"> 0.135048  </td><td style=\"text-align: right;\"> 0.0926   </td><td style=\"text-align: right;\"> 0.0955675 </td><td style=\"text-align: right;\"> 0.17874   </td><td style=\"text-align: right;\">-0.0867545</td><td style=\"text-align: right;\">-0.0434628</td><td style=\"text-align: right;\">-0.0455316 </td><td style=\"text-align: right;\">-0.0236197 </td><td style=\"text-align: right;\"> 0.0208901 </td><td style=\"text-align: right;\"> 0.242866  </td><td style=\"text-align: right;\">-0.0808866</td><td style=\"text-align: right;\">-0.105657 </td></tr>\\n<tr><td style=\"text-align: right;\"> 0.00176249</td><td style=\"text-align: right;\"> 0.279831  </td><td style=\"text-align: right;\"> 0.231001  </td><td style=\"text-align: right;\"> 0.121625  </td><td style=\"text-align: right;\"> 1         </td><td style=\"text-align: right;\"> 0.916745  </td><td style=\"text-align: right;\"> 0.0113134</td><td style=\"text-align: right;\"> 0.021215  </td><td style=\"text-align: right;\"> 0.0575742 </td><td style=\"text-align: right;\">-0.170486 </td><td style=\"text-align: right;\">-0.0882681</td><td style=\"text-align: right;\">-0.06005   </td><td style=\"text-align: right;\">-0.0553767 </td><td style=\"text-align: right;\"> 0.00323663</td><td style=\"text-align: right;\">-0.045654  </td><td style=\"text-align: right;\">-0.10035  </td><td style=\"text-align: right;\">-0.122474 </td></tr>\\n<tr><td style=\"text-align: right;\"> 0.00897969</td><td style=\"text-align: right;\"> 0.301737  </td><td style=\"text-align: right;\"> 0.249864  </td><td style=\"text-align: right;\"> 0.135048  </td><td style=\"text-align: right;\"> 0.916745  </td><td style=\"text-align: right;\"> 1         </td><td style=\"text-align: right;\"> 0.0182453</td><td style=\"text-align: right;\"> 0.0246061 </td><td style=\"text-align: right;\"> 0.0648011 </td><td style=\"text-align: right;\">-0.171642 </td><td style=\"text-align: right;\">-0.0928643</td><td style=\"text-align: right;\">-0.0630419 </td><td style=\"text-align: right;\">-0.0577102 </td><td style=\"text-align: right;\"> 0.0118553 </td><td style=\"text-align: right;\">-0.0349747 </td><td style=\"text-align: right;\">-0.105315 </td><td style=\"text-align: right;\">-0.119924 </td></tr>\\n<tr><td style=\"text-align: right;\">-0.0115912 </td><td style=\"text-align: right;\"> 0.0792161 </td><td style=\"text-align: right;\"> 0.0877909 </td><td style=\"text-align: right;\"> 0.0926    </td><td style=\"text-align: right;\"> 0.0113134 </td><td style=\"text-align: right;\"> 0.0182453 </td><td style=\"text-align: right;\"> 1        </td><td style=\"text-align: right;\"> 0.0606173 </td><td style=\"text-align: right;\"> 0.122922  </td><td style=\"text-align: right;\">-0.0753642</td><td style=\"text-align: right;\">-0.0736112</td><td style=\"text-align: right;\">-0.025624  </td><td style=\"text-align: right;\"> 0.0842341 </td><td style=\"text-align: right;\"> 0.110671  </td><td style=\"text-align: right;\"> 0.100027  </td><td style=\"text-align: right;\">-0.138899 </td><td style=\"text-align: right;\">-0.106432 </td></tr>\\n<tr><td style=\"text-align: right;\">-0.00110389</td><td style=\"text-align: right;\"> 0.119951  </td><td style=\"text-align: right;\"> 0.128536  </td><td style=\"text-align: right;\"> 0.0955675 </td><td style=\"text-align: right;\"> 0.021215  </td><td style=\"text-align: right;\"> 0.0246061 </td><td style=\"text-align: right;\"> 0.0606173</td><td style=\"text-align: right;\"> 1         </td><td style=\"text-align: right;\"> 0.220849  </td><td style=\"text-align: right;\">-0.0761542</td><td style=\"text-align: right;\">-0.0126002</td><td style=\"text-align: right;\">-0.0454151 </td><td style=\"text-align: right;\">-0.0243004 </td><td style=\"text-align: right;\"> 0.00327852</td><td style=\"text-align: right;\"> 0.12105   </td><td style=\"text-align: right;\">-0.0771109</td><td style=\"text-align: right;\">-0.137797 </td></tr>\\n<tr><td style=\"text-align: right;\"> 0.00510319</td><td style=\"text-align: right;\"> 0.204465  </td><td style=\"text-align: right;\"> 0.205656  </td><td style=\"text-align: right;\"> 0.17874   </td><td style=\"text-align: right;\"> 0.0575742 </td><td style=\"text-align: right;\"> 0.0648011 </td><td style=\"text-align: right;\"> 0.122922 </td><td style=\"text-align: right;\"> 0.220849  </td><td style=\"text-align: right;\"> 1         </td><td style=\"text-align: right;\">-0.0956995</td><td style=\"text-align: right;\">-0.018016 </td><td style=\"text-align: right;\">-0.0344564 </td><td style=\"text-align: right;\">-0.0309713 </td><td style=\"text-align: right;\"> 0.0976743 </td><td style=\"text-align: right;\"> 0.220686  </td><td style=\"text-align: right;\">-0.101415 </td><td style=\"text-align: right;\">-0.147392 </td></tr>\\n<tr><td style=\"text-align: right;\">-0.0113113 </td><td style=\"text-align: right;\">-0.154525  </td><td style=\"text-align: right;\">-0.131705  </td><td style=\"text-align: right;\">-0.0867545 </td><td style=\"text-align: right;\">-0.170486  </td><td style=\"text-align: right;\">-0.171642  </td><td style=\"text-align: right;\">-0.0753642</td><td style=\"text-align: right;\">-0.0761542 </td><td style=\"text-align: right;\">-0.0956995 </td><td style=\"text-align: right;\"> 1        </td><td style=\"text-align: right;\"> 0.131748 </td><td style=\"text-align: right;\"> 0.146803  </td><td style=\"text-align: right;\"> 0.0179859 </td><td style=\"text-align: right;\"> 0.0483557 </td><td style=\"text-align: right;\">-0.0979293 </td><td style=\"text-align: right;\"> 0.191373 </td><td style=\"text-align: right;\"> 0.198173 </td></tr>\\n<tr><td style=\"text-align: right;\">-0.0146832 </td><td style=\"text-align: right;\">-0.0556354 </td><td style=\"text-align: right;\">-0.0366966 </td><td style=\"text-align: right;\">-0.0434628 </td><td style=\"text-align: right;\">-0.0882681 </td><td style=\"text-align: right;\">-0.0928643 </td><td style=\"text-align: right;\">-0.0736112</td><td style=\"text-align: right;\">-0.0126002 </td><td style=\"text-align: right;\">-0.018016  </td><td style=\"text-align: right;\"> 0.131748 </td><td style=\"text-align: right;\"> 1        </td><td style=\"text-align: right;\"> 0.245394  </td><td style=\"text-align: right;\">-0.0260253 </td><td style=\"text-align: right;\">-0.0911486 </td><td style=\"text-align: right;\"> 0.0666744 </td><td style=\"text-align: right;\"> 0.0988683</td><td style=\"text-align: right;\"> 0.0773654</td></tr>\\n<tr><td style=\"text-align: right;\"> 0.00322561</td><td style=\"text-align: right;\">-0.0774284 </td><td style=\"text-align: right;\">-0.0627474 </td><td style=\"text-align: right;\">-0.0455316 </td><td style=\"text-align: right;\">-0.06005   </td><td style=\"text-align: right;\">-0.0630419 </td><td style=\"text-align: right;\">-0.025624 </td><td style=\"text-align: right;\">-0.0454151 </td><td style=\"text-align: right;\">-0.0344564 </td><td style=\"text-align: right;\"> 0.146803 </td><td style=\"text-align: right;\"> 0.245394 </td><td style=\"text-align: right;\"> 1         </td><td style=\"text-align: right;\"> 0.0263219 </td><td style=\"text-align: right;\">-0.0531886 </td><td style=\"text-align: right;\">-0.0145097 </td><td style=\"text-align: right;\"> 0.149282 </td><td style=\"text-align: right;\"> 0.154059 </td></tr>\\n<tr><td style=\"text-align: right;\">-0.00641338</td><td style=\"text-align: right;\">-0.0885265 </td><td style=\"text-align: right;\">-0.0208593 </td><td style=\"text-align: right;\">-0.0236197 </td><td style=\"text-align: right;\">-0.0553767 </td><td style=\"text-align: right;\">-0.0577102 </td><td style=\"text-align: right;\"> 0.0842341</td><td style=\"text-align: right;\">-0.0243004 </td><td style=\"text-align: right;\">-0.0309713 </td><td style=\"text-align: right;\"> 0.0179859</td><td style=\"text-align: right;\">-0.0260253</td><td style=\"text-align: right;\"> 0.0263219 </td><td style=\"text-align: right;\"> 1         </td><td style=\"text-align: right;\"> 0.0126261 </td><td style=\"text-align: right;\">-0.051651  </td><td style=\"text-align: right;\"> 0.0325843</td><td style=\"text-align: right;\"> 0.0640737</td></tr>\\n<tr><td style=\"text-align: right;\"> 0.00261939</td><td style=\"text-align: right;\"> 0.0415286 </td><td style=\"text-align: right;\"> 0.0411714 </td><td style=\"text-align: right;\"> 0.0208901 </td><td style=\"text-align: right;\"> 0.00323663</td><td style=\"text-align: right;\"> 0.0118553 </td><td style=\"text-align: right;\"> 0.110671 </td><td style=\"text-align: right;\"> 0.00327852</td><td style=\"text-align: right;\"> 0.0976743 </td><td style=\"text-align: right;\"> 0.0483557</td><td style=\"text-align: right;\">-0.0911486</td><td style=\"text-align: right;\">-0.0531886 </td><td style=\"text-align: right;\"> 0.0126261 </td><td style=\"text-align: right;\"> 1         </td><td style=\"text-align: right;\">-0.00451589</td><td style=\"text-align: right;\"> 0.0452768</td><td style=\"text-align: right;\"> 0.159825 </td></tr>\\n<tr><td style=\"text-align: right;\">-0.00515221</td><td style=\"text-align: right;\"> 0.272107  </td><td style=\"text-align: right;\"> 0.332925  </td><td style=\"text-align: right;\"> 0.242866  </td><td style=\"text-align: right;\">-0.045654  </td><td style=\"text-align: right;\">-0.0349747 </td><td style=\"text-align: right;\"> 0.100027 </td><td style=\"text-align: right;\"> 0.12105   </td><td style=\"text-align: right;\"> 0.220686  </td><td style=\"text-align: right;\">-0.0979293</td><td style=\"text-align: right;\"> 0.0666744</td><td style=\"text-align: right;\">-0.0145097 </td><td style=\"text-align: right;\">-0.051651  </td><td style=\"text-align: right;\">-0.00451589</td><td style=\"text-align: right;\"> 1         </td><td style=\"text-align: right;\">-0.108053 </td><td style=\"text-align: right;\">-0.132622 </td></tr>\\n<tr><td style=\"text-align: right;\">-0.0280491 </td><td style=\"text-align: right;\">-0.170998  </td><td style=\"text-align: right;\">-0.142235  </td><td style=\"text-align: right;\">-0.0808866 </td><td style=\"text-align: right;\">-0.10035   </td><td style=\"text-align: right;\">-0.105315  </td><td style=\"text-align: right;\">-0.138899 </td><td style=\"text-align: right;\">-0.0771109 </td><td style=\"text-align: right;\">-0.101415  </td><td style=\"text-align: right;\"> 0.191373 </td><td style=\"text-align: right;\"> 0.0988683</td><td style=\"text-align: right;\"> 0.149282  </td><td style=\"text-align: right;\"> 0.0325843 </td><td style=\"text-align: right;\"> 0.0452768 </td><td style=\"text-align: right;\">-0.108053  </td><td style=\"text-align: right;\"> 1        </td><td style=\"text-align: right;\"> 0.45547  </td></tr>\\n<tr><td style=\"text-align: right;\">-0.0336911 </td><td style=\"text-align: right;\">-0.225622  </td><td style=\"text-align: right;\">-0.185173  </td><td style=\"text-align: right;\">-0.105657  </td><td style=\"text-align: right;\">-0.122474  </td><td style=\"text-align: right;\">-0.119924  </td><td style=\"text-align: right;\">-0.106432 </td><td style=\"text-align: right;\">-0.137797  </td><td style=\"text-align: right;\">-0.147392  </td><td style=\"text-align: right;\"> 0.198173 </td><td style=\"text-align: right;\"> 0.0773654</td><td style=\"text-align: right;\"> 0.154059  </td><td style=\"text-align: right;\"> 0.0640737 </td><td style=\"text-align: right;\"> 0.159825  </td><td style=\"text-align: right;\">-0.132622  </td><td style=\"text-align: right;\"> 0.45547  </td><td style=\"text-align: right;\"> 1        </td></tr>\\n</tbody>\\n</table>'"
      ]
     },
     "execution_count": 29,
     "metadata": {},
     "output_type": "execute_result"
    }
   ],
   "source": [
    "from pyspark.ml.stat import Correlation\n",
    "from pyspark.ml.feature import VectorAssembler\n",
    "\n",
    "# convert to vector column first\n",
    "vector_col = \"corr_features\"\n",
    "assembler = VectorAssembler(inputCols=df.columns, outputCol=vector_col)\n",
    "df_vector = assembler.transform(df).select(vector_col)\n",
    "\n",
    "# get correlation matrix\n",
    "matrix = Correlation.corr(df_vector, vector_col).collect()[0][0]\n",
    "corrmatrix = matrix.toArray().tolist()\n",
    "\n",
    "import tabulate\n",
    "table = tabulate.tabulate(corrmatrix, tablefmt='html')\n",
    "table"
   ]
  },
  {
   "cell_type": "code",
   "execution_count": 30,
   "id": "50ef69ee",
   "metadata": {},
   "outputs": [
    {
     "data": {
      "text/html": [
       "<div>\n",
       "<style scoped>\n",
       "    .dataframe tbody tr th:only-of-type {\n",
       "        vertical-align: middle;\n",
       "    }\n",
       "\n",
       "    .dataframe tbody tr th {\n",
       "        vertical-align: top;\n",
       "    }\n",
       "\n",
       "    .dataframe thead th {\n",
       "        text-align: right;\n",
       "    }\n",
       "</style>\n",
       "<table border=\"1\" class=\"dataframe\">\n",
       "  <thead>\n",
       "    <tr style=\"text-align: right;\">\n",
       "      <th></th>\n",
       "      <th>ID</th>\n",
       "      <th>Diabetes_binary</th>\n",
       "      <th>HighBP</th>\n",
       "      <th>HighChol</th>\n",
       "      <th>BMI</th>\n",
       "      <th>BMIBand</th>\n",
       "      <th>Smoker</th>\n",
       "      <th>Stroke</th>\n",
       "      <th>...</th>\n",
       "      <th>PhysActivity</th>\n",
       "      <th>Fruits</th>\n",
       "      <th>Veggies</th>\n",
       "      <th>HvyAlcoholConsump</th>\n",
       "      <th>Sex</th>\n",
       "      <th>Age</th>\n",
       "      <th>Education</th>\n",
       "      <th>Income</th>\n",
       "    </tr>\n",
       "  </thead>\n",
       "  <tbody>\n",
       "    <tr>\n",
       "      <th>Diabetes_binary</th>\n",
       "      <td>0.002131</td>\n",
       "      <td>1.000000</td>\n",
       "      <td>0.370841</td>\n",
       "      <td>0.283045</td>\n",
       "      <td>0.279831</td>\n",
       "      <td>0.301737</td>\n",
       "      <td>0.079216</td>\n",
       "      <td>0.119951</td>\n",
       "      <td>...</td>\n",
       "      <td>0.154525</td>\n",
       "      <td>0.055635</td>\n",
       "      <td>0.077428</td>\n",
       "      <td>0.088526</td>\n",
       "      <td>0.041529</td>\n",
       "      <td>0.272107</td>\n",
       "      <td>0.170998</td>\n",
       "      <td>0.225622</td>\n",
       "    </tr>\n",
       "    <tr>\n",
       "      <th>HighBP</th>\n",
       "      <td>0.003894</td>\n",
       "      <td>0.370841</td>\n",
       "      <td>1.000000</td>\n",
       "      <td>0.311591</td>\n",
       "      <td>0.231001</td>\n",
       "      <td>0.249864</td>\n",
       "      <td>0.087791</td>\n",
       "      <td>0.128536</td>\n",
       "      <td>...</td>\n",
       "      <td>0.131705</td>\n",
       "      <td>0.036697</td>\n",
       "      <td>0.062747</td>\n",
       "      <td>0.020859</td>\n",
       "      <td>0.041171</td>\n",
       "      <td>0.332925</td>\n",
       "      <td>0.142235</td>\n",
       "      <td>0.185173</td>\n",
       "    </tr>\n",
       "    <tr>\n",
       "      <th>BMIBand</th>\n",
       "      <td>0.008980</td>\n",
       "      <td>0.301737</td>\n",
       "      <td>0.249864</td>\n",
       "      <td>0.135048</td>\n",
       "      <td>0.916745</td>\n",
       "      <td>1.000000</td>\n",
       "      <td>0.018245</td>\n",
       "      <td>0.024606</td>\n",
       "      <td>...</td>\n",
       "      <td>0.171642</td>\n",
       "      <td>0.092864</td>\n",
       "      <td>0.063042</td>\n",
       "      <td>0.057710</td>\n",
       "      <td>0.011855</td>\n",
       "      <td>0.034975</td>\n",
       "      <td>0.105315</td>\n",
       "      <td>0.119924</td>\n",
       "    </tr>\n",
       "    <tr>\n",
       "      <th>HighChol</th>\n",
       "      <td>0.002232</td>\n",
       "      <td>0.283045</td>\n",
       "      <td>0.311591</td>\n",
       "      <td>1.000000</td>\n",
       "      <td>0.121625</td>\n",
       "      <td>0.135048</td>\n",
       "      <td>0.092600</td>\n",
       "      <td>0.095568</td>\n",
       "      <td>...</td>\n",
       "      <td>0.086755</td>\n",
       "      <td>0.043463</td>\n",
       "      <td>0.045532</td>\n",
       "      <td>0.023620</td>\n",
       "      <td>0.020890</td>\n",
       "      <td>0.242866</td>\n",
       "      <td>0.080887</td>\n",
       "      <td>0.105657</td>\n",
       "    </tr>\n",
       "    <tr>\n",
       "      <th>BMI</th>\n",
       "      <td>0.001762</td>\n",
       "      <td>0.279831</td>\n",
       "      <td>0.231001</td>\n",
       "      <td>0.121625</td>\n",
       "      <td>1.000000</td>\n",
       "      <td>0.916745</td>\n",
       "      <td>0.011313</td>\n",
       "      <td>0.021215</td>\n",
       "      <td>...</td>\n",
       "      <td>0.170486</td>\n",
       "      <td>0.088268</td>\n",
       "      <td>0.060050</td>\n",
       "      <td>0.055377</td>\n",
       "      <td>0.003237</td>\n",
       "      <td>0.045654</td>\n",
       "      <td>0.100350</td>\n",
       "      <td>0.122474</td>\n",
       "    </tr>\n",
       "    <tr>\n",
       "      <th>Age</th>\n",
       "      <td>0.005152</td>\n",
       "      <td>0.272107</td>\n",
       "      <td>0.332925</td>\n",
       "      <td>0.242866</td>\n",
       "      <td>0.045654</td>\n",
       "      <td>0.034975</td>\n",
       "      <td>0.100027</td>\n",
       "      <td>0.121050</td>\n",
       "      <td>...</td>\n",
       "      <td>0.097929</td>\n",
       "      <td>0.066674</td>\n",
       "      <td>0.014510</td>\n",
       "      <td>0.051651</td>\n",
       "      <td>0.004516</td>\n",
       "      <td>1.000000</td>\n",
       "      <td>0.108053</td>\n",
       "      <td>0.132622</td>\n",
       "    </tr>\n",
       "    <tr>\n",
       "      <th>Income</th>\n",
       "      <td>0.033691</td>\n",
       "      <td>0.225622</td>\n",
       "      <td>0.185173</td>\n",
       "      <td>0.105657</td>\n",
       "      <td>0.122474</td>\n",
       "      <td>0.119924</td>\n",
       "      <td>0.106432</td>\n",
       "      <td>0.137797</td>\n",
       "      <td>...</td>\n",
       "      <td>0.198173</td>\n",
       "      <td>0.077365</td>\n",
       "      <td>0.154059</td>\n",
       "      <td>0.064074</td>\n",
       "      <td>0.159825</td>\n",
       "      <td>0.132622</td>\n",
       "      <td>0.455470</td>\n",
       "      <td>1.000000</td>\n",
       "    </tr>\n",
       "    <tr>\n",
       "      <th>HeartDiseaseorAttack</th>\n",
       "      <td>0.005103</td>\n",
       "      <td>0.204465</td>\n",
       "      <td>0.205656</td>\n",
       "      <td>0.178740</td>\n",
       "      <td>0.057574</td>\n",
       "      <td>0.064801</td>\n",
       "      <td>0.122922</td>\n",
       "      <td>0.220849</td>\n",
       "      <td>...</td>\n",
       "      <td>0.095699</td>\n",
       "      <td>0.018016</td>\n",
       "      <td>0.034456</td>\n",
       "      <td>0.030971</td>\n",
       "      <td>0.097674</td>\n",
       "      <td>0.220686</td>\n",
       "      <td>0.101415</td>\n",
       "      <td>0.147392</td>\n",
       "    </tr>\n",
       "    <tr>\n",
       "      <th>Education</th>\n",
       "      <td>0.028049</td>\n",
       "      <td>0.170998</td>\n",
       "      <td>0.142235</td>\n",
       "      <td>0.080887</td>\n",
       "      <td>0.100350</td>\n",
       "      <td>0.105315</td>\n",
       "      <td>0.138899</td>\n",
       "      <td>0.077111</td>\n",
       "      <td>...</td>\n",
       "      <td>0.191373</td>\n",
       "      <td>0.098868</td>\n",
       "      <td>0.149282</td>\n",
       "      <td>0.032584</td>\n",
       "      <td>0.045277</td>\n",
       "      <td>0.108053</td>\n",
       "      <td>1.000000</td>\n",
       "      <td>0.455470</td>\n",
       "    </tr>\n",
       "    <tr>\n",
       "      <th>PhysActivity</th>\n",
       "      <td>0.011311</td>\n",
       "      <td>0.154525</td>\n",
       "      <td>0.131705</td>\n",
       "      <td>0.086755</td>\n",
       "      <td>0.170486</td>\n",
       "      <td>0.171642</td>\n",
       "      <td>0.075364</td>\n",
       "      <td>0.076154</td>\n",
       "      <td>...</td>\n",
       "      <td>1.000000</td>\n",
       "      <td>0.131748</td>\n",
       "      <td>0.146803</td>\n",
       "      <td>0.017986</td>\n",
       "      <td>0.048356</td>\n",
       "      <td>0.097929</td>\n",
       "      <td>0.191373</td>\n",
       "      <td>0.198173</td>\n",
       "    </tr>\n",
       "    <tr>\n",
       "      <th>Stroke</th>\n",
       "      <td>0.001104</td>\n",
       "      <td>0.119951</td>\n",
       "      <td>0.128536</td>\n",
       "      <td>0.095568</td>\n",
       "      <td>0.021215</td>\n",
       "      <td>0.024606</td>\n",
       "      <td>0.060617</td>\n",
       "      <td>1.000000</td>\n",
       "      <td>...</td>\n",
       "      <td>0.076154</td>\n",
       "      <td>0.012600</td>\n",
       "      <td>0.045415</td>\n",
       "      <td>0.024300</td>\n",
       "      <td>0.003279</td>\n",
       "      <td>0.121050</td>\n",
       "      <td>0.077111</td>\n",
       "      <td>0.137797</td>\n",
       "    </tr>\n",
       "    <tr>\n",
       "      <th>HvyAlcoholConsump</th>\n",
       "      <td>0.006413</td>\n",
       "      <td>0.088526</td>\n",
       "      <td>0.020859</td>\n",
       "      <td>0.023620</td>\n",
       "      <td>0.055377</td>\n",
       "      <td>0.057710</td>\n",
       "      <td>0.084234</td>\n",
       "      <td>0.024300</td>\n",
       "      <td>...</td>\n",
       "      <td>0.017986</td>\n",
       "      <td>0.026025</td>\n",
       "      <td>0.026322</td>\n",
       "      <td>1.000000</td>\n",
       "      <td>0.012626</td>\n",
       "      <td>0.051651</td>\n",
       "      <td>0.032584</td>\n",
       "      <td>0.064074</td>\n",
       "    </tr>\n",
       "    <tr>\n",
       "      <th>Smoker</th>\n",
       "      <td>0.011591</td>\n",
       "      <td>0.079216</td>\n",
